GIMP Palette
Name: Minecraft
Columns: 12
# Palette qui corseponde aux couleurs des maps minecraft
89 125 39 #n°4
109 153 48 #n°5
127 178 56 #n°6
67 94 29 #n°7
174 164 115 #n°8
213 201 140 #n°9
247 233 163 #n°10
130 123 86 #n°11
140 140 140 #n°12
171 171 171 #n°13
199 199 199 #n°14
105 105 105 #n°15
180 0 0 #n°16
220 0 0 #n°17
255 0 0 #n°18
135 0 0 #n°19
112 112 180 #n°20
138 138 220 #n°21
160 160 255 #n°22
84 84 135 #n°23
117 117 117 #n°24
144 144 144 #n°25
167 167 167 #n°26
88 88 88 #n°27
0 87 0 #n°28
0 106 0 #n°29
0 124 0 #n°30
0 65 0 #n°31
180 180 180 #n°32
220 220 220 #n°33
255 255 255 #n°34
135 135 135 #n°35
115 118 129 #n°36
141 144 158 #n°37
164 168 184 #n°38
86 88 97 #n°39
106 76 54 #n°40
130 94 66 #n°41
151 109 77 #n°42
79 57 40 #n°43
79 79 79 #n°44
96 96 96 #n°45
112 112 112 #n°46
59 59 59 #n°47
45 45 180 #n°48
55 55 220 #n°49
64 64 255 #n°50
33 33 135 #n°51
100 84 50 #n°52
123 102 62 #n°53
143 119 72 #n°54
75 63 38 #n°55
180 177 172 #n°56
220 217 211 #n°57
255 252 245 #n°58
135 133 129 #n°59
152 89 36 #n°60
186 109 44 #n°61
216 127 51 #n°62
114 67 27 #n°63
125 53 152 #n°64
153 65 186 #n°65
178 76 216 #n°66
94 40 114 #n°67
72 108 152 #n°68
88 132 186 #n°69
102 153 216 #n°70
54 81 114 #n°71
161 161 36 #n°72
197 197 44 #n°73
229 229 51 #n°74
121 121 27 #n°75
89 144 17 #n°76
109 176 21 #n°77
127 204 25 #n°78
67 108 13 #n°79
170 89 116 #n°80
208 109 142 #n°81
242 127 165 #n°82
128 67 87 #n°83
53 53 53 #n°84
65 65 65 #n°85
76 76 76 #n°86
40 40 40 #n°87
108 108 108 #n°88
132 132 132 #n°89
153 153 153 #n°90
81 81 81 #n°91
53 89 108 #n°92
65 109 132 #n°93
76 127 153 #n°94
40 67 81 #n°95
89 44 125 #n°96
109 54 153 #n°97
127 63 178 #n°98
67 33 94 #n°99
36 53 125 #n°100
44 65 153 #n°101
51 76 178 #n°102
27 40 94 #n°103
72 53 36 #n°104
88 65 44 #n°105
102 76 51 #n°106
54 40 27 #n°107
72 89 36 #n°108
88 109 44 #n°109
102 127 51 #n°110
54 67 27 #n°111
108 36 36 #n°112
132 44 44 #n°113
153 51 51 #n°114
81 27 27 #n°115
17 17 17 #n°116
21 21 21 #n°117
25 25 25 #n°118
13 13 13 #n°119
176 168 54 #n°120
215 205 66 #n°121
250 238 77 #n°122
132 126 40 #n°123
64 154 150 #n°124
79 188 183 #n°125
92 219 213 #n°126
48 115 112 #n°127
52 90 180 #n°128
63 110 220 #n°129
74 128 255 #n°130
39 67 135 #n°131
0 153 40 #n°132
0 187 50 #n°133
0 217 58 #n°134
0 114 30 #n°135
91 60 34 #n°136
111 74 42 #n°137
129 86 49 #n°138
68 45 25 #n°139
79 1 0 #n°140
96 1 0 #n°141
112 2 0 #n°142
59 1 0 #n°143
